10007891
2887383
-6401380
31564500
6359280
42999103
32989868
37340957
28481679
31498955
24623615
6645015
11496620
13343781
3511730
28158140
40617577
39507133
30819641
22125652
11123198
-4775286
3177850
38727573
14939641
21504341
-7123241
31730154
-24402
21987436
7659291
-4862517
38625414
10004723
4870729
19707104
21683685
26050189
-2844248
20691469
40352612
-546490
27480159
12016424
33750627
32975847
-4800663
33483938
-4491807
15530148
-6382519
14545633
28333123
16508896
4161234
37775644
-6482309
23732732
17110590
21035597
13165093
37104320
-192581
667034
4469652
-6233441
478117
7784329
27944235
40513244
-6812105
-4392506
14466578
-161669
17626676
13177530
11838933
30026436
27115544
4453847
30047636
14602199
19823476
23026569
24810454
19805409
34296909
41307633
29703366
37967132
49996838
-4325757
19964238
12983143
-871107
-8199982
46998153
33448573
14431551
2203186
-6236124
12261975
-10871989
-2898255
39003886
39064648
41295320
7856497
4977377
39805819
1262847
22601386
48870985
14116701
22386492
23964487
42571443
19372415
-1073389
24008773
24885604
-3393472
-4761584
13989787
22889159
41640594
-6726886
13308316
44269842
-7702296
233969
35515376
39891177
-2897229
36833067
33994160
-6921977
26375697
7532762
39451243
22301940
37184202
50836844
31231131
24136767
1346031
-4361725
8665368
36767532
11879988
14652205
-1784606
30552863
-8772699
-948155
18613570
-3376095
11928642
-5992873
39330286
36684058
307668
8652997
-3275913
48396304
9024040
27119335
39040104
30876478
1002705
42057539
53645809
40020958
4729474
-2480761
13073565
31281278
11314334
28081176
-1724093
24650269
14114038
21443356
5344885
38304040
-5144312
38999469
19602449
36807248
55980
38157107
26369629
36678860
42227873
17188239
34471206
10647172
32211911
14344928
6957503
24110976
25608394
20163613
35351011
8504324
25926709
34341930
52094691
16838047
18190466
431303
31046189
19960676
18061575
37142241
45955125
26097311
20944690
12749053
19832807
22809381
22754337
40992300
18772041
17875257
9404106
49464562
9076287
-2371473
30574329
27612360
5804294
32471608
-5222337
-381544
42990670
23506892
-6989000
28858704
5060553
-2061537
44656474
4204409
-7946058
9411967
20337906
36429982
-1094226
41379133
11875090
9722289
1044658
5288622
39238900
27289884
18275297
9841490
30560480
10285256
23558645
13916911
44397089
45283872
32515815
26534028
-3100400
22809482
29451544
20141436
5285315
25541368
28748356
32103928
30663027
17477628
15462423
26408504
35423843
-3122420
56427929
28790149
28019497
11094203
10568171
30833607
32014398
38212154
5973975
16963643
5578430
23988722
18676327
-385776
392091
34603029
37415570
38993611
21996566
14149305
25783903
13183821
6044885
35587530
24051247
15504555
37998340
58366240
-5416230
18695222
23410347
-2426415
29523803
27359485
19958917
42786325
34582071
31001217
12096654
23312012
21298559
34358334
5166027
23046748
-647408
-5204468
39099439
725012
46385193
21825778
23820276
8195275
39945912
20207124
37081385
28750140
47130115
37252316
39932765
29449037
38121311
35939948
11044498
13502285
38347271
28208514
32652425
22871113
36754810
27047817
27906542
-6662481
-8069075
-5986274
7514764
37796590
4792624
29228001
24585148
8954608
25170063
51134968
28581970
43624071
28284670
34201734
35867140
29972518
10858847
15656761
39682667
11645933
638563
16077649
32785655
44831298
-2778200
21181376
5431035
25289884
36256464
38657219
16267601
32051786
-1788585
17889138
7248854
30617651
1611085
11946835
43500380
36277492
34246483
26403003
18376056
-3692377
8616432
37122333
-7559913
-3635259
28745987
7049002
37573182
3228544
22736196
2495018
50958066
-586330
26994022
7302310
37488162
35443819
-795959
41584937
-4774545
26870364
33178137
4287446
30192407
19855891
51482416
33280131
38988745
21867492
22486572
45425313
16283526
38177076
23029610
29028092
-8780375
10098331
40080253
30605449
858861
36094691
22677289
7444929
34420912
36695865
5745358
18716165
12130861
31533279
15607746
19712111
48722331
49827998
13157494
39974722
8724778
14797837
11913575
25290867
7972060
14964990
21950121
30327373
22363139
430051
24567973
37666880
-941333
7572318
35771732
12139041
35849237
44306596
26064321
24722800
9611145
40554297
39573639
12693374
29189447
30696535
3548803
13671928
1178928
26210031
13491041
-4514021
42525923
25910554
21155524
22864601
27863168
-1098481
33474580
34383745
40347153
14327526
-4733022
18408364
23124792
1512017
44713379
5129112
16034315
21077106
48744678
15847465
5942720
16169333
4032863
40950648
1149545
39059854
8364002
15760421
25329076
17600770
9725927
34008291
15635635
41955966
-4846805
38716452
23518019
42754127
7135001
14055450
11114343
7681884
41167996
12244165
30198239
21133396
7959603
-1915696
37578444
41013295
26482419
11114999
31084700
33805114
1634345
-4901641
3460674
42487384
25839654
1091833
-2729526
19889103
13398420
25769584
28787688
9968578
26040896
-4786619
18621406
20448264
-6814612
41606788
-9059128
21047213
10326095
4596986
44465024
8734038
28543126
-7500910
-1809502
31815992
10189611
23076090
27049499
27730577
10781599
29381540
19705550
37983688
29680248
8080025
26969829
31052331
5954595
9283436
38570374
42643369
30733560
39819988
-4656911
26995127
-3322000
11089698
27025876
35036734
-4433499
3189184
-4160718
1101848
41475276
24933392
21954616
-322182
17672079
34473765
11611007
-424064
-7900496
35355284
-3504282
12871167
8918564
-7152962
12629482
19977825
14971968
1410027
8211277
21893270
6720227
5740404
1125719
-11048760
38650161
30523945
7444319
39393588
32078166
1111041
26551578
-321053
15503793
6566572
2457970
22706330
17354348
22257246
12735434
32242423
-9506696
17484183
30110579
16410897
9485491
13251046
33178520
22610884
18599989
-8829268
46458558
11797422
34132730
34998469
26370307
31293021
41689040
15138780
-321151
32208097
4438568
29404861
17107555
44090616
257802
36359937
17260516
39483205
-7844857
37027772
17420813
17427649
2232207
-1361923
36278973
39420270
-12524478
21037
14151048
2584018
30235188
-1173354
10825873
279233
31255989
38525271
6432095
27041665
23005895
17549822
1566407
9474872
8600212
-3305440
52412697
10775307
22430347
34613563
32946111
42712780
-120688
16687289
-4150870
37431538
-5071164
14163215
4152087
5557729
-8180439
34564399
-8856215
7335936
42855064
22582234
-1168134
7914152
-5450670
-1438717
38995007
26553373
22222738
23216680
11037422
19191865
28146366
-759651
43258760
-773017
-3257418
2578974
-5693071
32310057
9285326
38376733
6994251
23061867
7444978
12146878
5312440
13562000
4484595
4741442
17894375
20502357
42187185
7225277
21592729
46932846
8319933
32240635
598639
-2180382
14573587
-7632482
34309016
2699146
27907648
68686111
15353941
21030195
41115567
4667127
-1989382
-4618867
8339460
-7180887
17769693
1745451
31487906
4529663
11743321
13614992
6354206
-1724730
6759460
32954607
39064167
38666923
37124693
23088589
11996709
36929902
37774091
-3387481
9989808
33891111
44044612
46005450
29167491
29086942
32099344
30068627
33800571
-723049
36445511
-3572353
16887340
20243635
20149844
1044455
27884779
-9788615
3055557
7866959
14113385
35361071
3794376
38645118
14924838
-254879
2901710
12122864
32857889
-1784416
7190151
30141290
27350253
-8656674
4217328
31106495
-9115374
-5493734
1388559
-7633212
19729464
32303318
36442220
13044152
7620764
11345898
20059981
22510558
2110057
21417217
4384099
8520789
59509765
16618532
17253383
2229999
25400468
10522927
-1842755
2145232
7265569
-9793775
-5872808
31588847
-1939557
9462395
33084146
21950602
-7207335
22549621
8837206
6479529
33769867
12359584
-8794473
13141876
41719121
14304318
21349702
13045749
990439
8525546
-1663757
5331815
14115076
22230191
7054208
19773854
8102271
40997891
38356089
28362208
12983046
-7198871
17767248
23991665
31754867
7883885
28661188
5422200
10197028
36621030
9244642
28434560
39415067
-442930
34162415
-8319561
846241
12916278
36272193
27296455
10977834
2103608
-4723380
7197802
5593324
12517635
15858516
12901317
14927173
13425621
9583642
23052443
5186699
18457540
15260752
32127077
48930105
41574098
41291018
20550013
5951031
35814464
7780498
-5705082
31246714
31210897
43439605
44819182
21068863
23081315
5035536
2073130
10431820
5991585
8342512
27289332
27092537
34614024
2484781
-639820
49344910
10537597
24040925
11060849
28580550
26286483
8234165
4254281
-5247491
31420516
4598572
-3420771
54862160
7293289
3691700
26401900
8864548
18055862
-809011
38666773
39351670
20570430
14228558
28518657
8293828
39702857
34005875
24728377
4836304
11589632
32359214
21543034
12400478
36715776
14305090
31264824
21178500
7322292
11705165
9060345
-4116266
4153728
19802480
485169
23458474
8718367
7011908
32343485
16962539
43770893
-5916684
30812425
-11523648
28370393
12173214
-3754716
6247749
28329331
44274126
36700836
-5179417
34215140
-983488
34233096
16924610
26933311
28299497
28793653
43230778
12577693
-14027
16152619
13474273
-3588066
34066320
20503331
-5923532
19142831
45517041
26785445
8536371
27106289
111235
17486478
52161315
11931044
35076686
9827409
32002221
3363613
11357477
9671992
7505150
9970854
4540965
28987599
18404284
6091113
10170271
16561915
3573417
26660435
4425029
23527496
-4764288
15337695
12113576
54818531
31718966
-2993837
22240708
19527662
22372319
38124873
8063130
-4743720
22181550
44271372
-5596046
-2846426
15088338
35276366
27748582
8938665
12468328
39021670
25382240
12728076
-646904
1073273
29006754
33919814
9500784
20311511
-4133833
215314
30320717
43681072
38888736
2404077
13597940
16891015
22793165
-4706847
-3683922
7297660
6595362
6300672
-3497973
27988347
25549239
421434
12240853
1646934
18014909
36688740
4489296
5905111
18080637
31172628
3092195
37180077
26810605
22600110
20525903
14844711
39200207
8681477
27323704
21228694
32368765
-3014944
39529312
-7063878
-384756
3117704
24458765
22572940
19192276
12144621
25395409
14422149
18480256
11151701
11632887
24248177
20384557
37403928
8812383
39201785
23441971
16433886
9981478
-342047
29047630
-11794003
30329645
29928796
23045010
7577277
25200680
39589672
44363352
17568136
29307088
-3551691
11893765
20159513
-4236010
5888724
17565900
28370839
6007120
40689255
9935873
38787496
36447564
209211
23099635
13320412
36313588
9137344
19349158
31184400
41511701
3072131
26426187
16453454
-10872304
30528011
4446438
25872176
21452640
9878097
36703096
39578687
1798346
26975673
19780996
24021322
33629802
22027509
25292872
31476142
-428732
28548450
39921756
12257038
8301414
15327708
-3250340
22520676
5496021
-11888122
27299120
25319226
4745235
39904845
14241143
31482914
7538374
17443115
10904841
16093008
20522232
-10344615
-7021933
7311298
3709
5854996
51941911
21096209
-4121308
-8340414
3805807
30276148
36208735
4348971
41630011
20202125
27474579
-4563384
16974909
27033148
24532452
20797421
2826339
22627250
2048243
10224747
32723715
5224653
-1692050
34399230
41789657
47771256
18892911
30296926
905105
43103251
8069065
32721387
28425125
17092571
5668153
41584541
38393990
11631564
37440030
38085665
21744475
14477997
-3753615
32118811
41339040
48262373
11687335
2361008
8422901
7574522
8799921
33121121
3343092
27913949
17439078
30528693
-8125483
-885048
40873692
36931778
11587793
27209738
21170764
41361750
43794842
29618218
7063549
-8352016
-7646599
41315586
23436437
15474665
22447662
223575
22859404
9535934
54503339
15248022
14055799
25486189
31194373
41137173
7486059
35910248
16980242
37996792
13524764
6653191
8101947
15171637
37037199
13131873
40259737
11170095
-1432331
10644996
30917926
-6714912
13387201
9938342
64222243
32670688
14527992
17254102
36448531
27975719
33755315
29942579
-2565050
27101403
-6672023
-11221141
20792896
-4668538
22538960
12912370
30565265
18946315
13500858
10076274
58756656
20975142
33087894
4319420
16308420
14280192
16261491
43010669
23185206
8260809
20542781
16770429
34215081
44273310
9975951
9284600
15521525
24191515
16998192
45389825
15940704
37174077
31541321
27572597
8268262
25870992
29269921
41299157
5106751
7469064
1459018
18868228
36632551
32824057
42436455
8716623
2732527
11511918
-4509347
33819689
36454685
35541562
30369797
2004579
37661864
88026
34362561
-6641978
28836121
28080155
7849752
7575932
2592080
7308762
9133333
7399927
15713374
32667309
30910301
46950691
1584563
37173998
14857706
24114960
23413779
16364336
34193666
2615765
27859325
37033913
19680556
11187510
23944738
17117783
26703942
3081000
29533318
9550739
-4864311
19881812
39547635
-8728739
26036895
1382710
27134901
28327053
7648298
22956788
10229250
-4916632
9598572
2593219
36512237
22361536
43760360
6489005
-7056509
27221800
14046248
18318585
19600342
36956748
33371333
28626991
33242495
8979985
-5641620
-7584493
12631130
56070438
6141236
8182681
11930259
35423837
43985332
28076154
44750946
-3727005
-2766089
2095607
41542911
515828
18176326
-1313461
10378871
15756441
38799921
29129747
47327428
18642329
16913433
16026475
13126425
12991808
1051855
10308693
17385922
50148936
40869351
9254232
16044544
1591580
5530049
23281613
22692960
7718837
35704312
19287423
2132258
8126888
12450473
13281100
39197301
25720960
31363704
16167008
4053671
8113589
-3045091
5043393
6316051
37690822
3683154
2895705
47033901
40923916
24777950
38437422
16230397
-3433352
21012262
15679077
78497
25129589
11581335
23881819
25219619
-4374901
6185881
31313586
40576124
42838075
-10971046
22465145
26307499
35063533
-3292951
3389486
5828719
24430161
19995601
-1086868
12248416
31272773
42363553
1694665
-1257922
2129948
38473836
38226489
20376898
37114741
10865720
12432012
36022299
6732643
19484515
-221548
21121028
29410160
3730146
-5952638
40283669
12356851
42405945
10700450
-9763371
-10380579
-4376165
34310434
35287030
38505116
14197896
-6459209
23750342
20887334
33543057
37599997
12959206
33354945
8741649
4092735
41475702
25508945
28166661
42925620
15484995
-4372268
25954894
28063497
21812105
7616409
30128203
-6857662
31207034
10700027
-2988425
34942078
14158052
21108793
4668207
11184842
-3343968
18690616
-3053063
35087554
18543700
6537827
-7486187
19979421
-12861321
36326287
27661141
12435874
23214846
-9505180
48813319
-1259778
30074620
27112845
21736264
9232505
22141028
9930915
17379484
21292231
-7415296
-4817577
-841373
23316097
22977963
24596195
19836022
-8329024
28809374
28247270
-7353385
22717745
-10957495
12183072
24475049
8460629
34268075
6650975
36974554
49058205
-10694347
22236061
9104391
23996231
97359
22082569
7815743
19418421
-4930192
48519080
12260297
9964975
-2576010
26359706
21287138
-1283895
-7788570
22762177
35017323
41455174
42025309
38246701
9906686
18159001
37971301
-894782
4419202
13627121
31643339
19824995
31928223
8546789
48366553
21877319
30261714
29225225
29326400
4627605
35981781
-6182336
-5215639
5661823
39489326
39602317
36704804
998201
17280339
5599724
33044974
-485734
20019235
3176591
32012057
16120979
6057939
22492872
18301680
40039331
17019635
38285044
12106179
18797293
22079034
34232229
14394075
25555167
32091132
11054277
24896583
22723860
25555126
7550868
4123975
13476688
43599659
31254380
41046483
30600390
26019200
9781066
4010910
4703281
1258671
24082642
25925238
16780527
-782317
-2897123
34194066
8429973
7178779
17194584
7248190
28934912
-8420548
31352339
-4756770
8620943
34799555
7982294
39048439
43713958
568326
17791685
-861394
31335997
5255040
12709315
39078104
9925331
42297040
19239054
37965538
-7035293
16647966
9681800
2711801
1108585
8090090
-8134152
17434687
-9022541
909231
-1354511
29256971
34009054
23319543
11620897
15896648
13203400
-1153706
9611756
14476693
23105134
-7811085
33657997
37038525
34656197
30659543
-4616359
15217605
2608422
954084
43268585
11880361
23384381
54346400
11654511
4063330
24198107
43272507
5639502
21784063
23537320
24064864
15782325
10093034
29916440
22042732
-819773
27341338
39949529
9788056
11885644
30305112
17149988
16852724
39199015
-3974052
15862161
9622648
6189465
28570914
18422392
2498169
26643987
47904646
21066114
30462320
42635127
26027111
33153812
13145184
37263770
28309257
38585361
41417509
39397568
-10613015
-3330576
35621306
32616752
38495606
15173260
-921896
13358240
9928993
33583197
27678187
-3377679
29325547
29385126
16086878
25278927
33377359
5805658
-2710159
16269014
-7471490
13039296
37392432
34931132
28799531
27483789
28003874
69714684
21357590
35724060
5989790
18437973
9248242
-8654964
25801663
35414492
27780182
24704517
53461173
43469449
-2921149
-3486893
21547120
-2748264
22558923
9236529
38974282
-8104937
-3097207
9684378
34078516
37061988
37066796
28235110
27548091
-3324272
21913187
33349050
31729375
34703017
26233533
-3239438
24347684
9251850
5725088
-8316236
23848269
12017593
33799713
15665316
22560784
16950829
32436210
18790900
3623494
25511954
18289671
37520709
-4146978
-9416922
7237522
11692864
23838091
13077131
40023315
7814069
21934676
-7745038
2299258
34180376
42434407
-10085330
34018863
32287072
16940961
33109321
7484200
41868590
3891854
7178622
13488893
22941226
26024339
-5983127
26125625
18063139
-911095
-7605743
11268950
25064250
16416405
13525219
-865903
8973233
3318773
26610749
41745677
12553419
2010910
16572022
16512011
26039778
25601245
16433091
12745834
29948910
4682239
11821303
35056911
34879282
18148894
28456598
35046220
19105958
-1596790
12966768
33627954
18016593
11481569
17908365
37447308
-6107226
19939160
9069687
8946470
16010191
25525603
39774077
6790042
32210610
20830015
35966995
29752570
14273980
17902708
25737633
42101823
4425503
14994721
2801248
-3838994
1711839
19991945
969215
7953980
3828490
37384139
17968503
26849886
35929965
11099746
48070796
-1760764
5931699
17702571
-5885327
15593086
22093194
8520561
-6510539
29346344
34735559
32321458
19906148
-11080063
34743624
34222102
32862860
37198990
18994732
30615999
-8834735
-10009440
399560
8028603
31373409
17931196
6706925
15159750
-690650
43907148
-2557870
48125721
40095205
-5890620
-5745496
-4839249
18308319
1528579
28318371
11587837
27496103
30643376
41096578
34193609
30355668
13187135
40888016
11049121
4595380
10847876
-10758662
-578547
31424031
-3613685
21051875
19728378
31376433
5459133
25386132
161468
30347497
34658280
-6550354
14196849
-1918312
17603280
9265056
16658824
16109624
21920568
1152182
34123875
19188742
40472114
15092977
16354443
26687698
6142877
42008661
20090084
-7222328
-1978650
23999781
7587461
-5131671
26056970
1536930
12939108
1638590
-5298687
20169702
29426647
32439242
29673149
11892594
24399133
6223459
33404120
-6959971
41032733
6233302
20424638
52514873
40932297
6608310
12974698
14011139
38749870
-2318395
5075980
5253985
-4348956
28405978
896624
15887208
10146699
40815149
-1526536
23897488
11221702
10362285
1977088
17389464
33299351
26856994
-5037656
17998268
1156287
20439574
2195061
13513170
19664717
24927695
3664723
20253144
-7461517
1132871
20791936
60652156
26109640
-3728833
1599091
1112563
162078
8907906
42794249
25275185
18939632
27245520
31303138
19913780
28193756
29893038
8039857
25123938
30585194
14229890
13237735
46881641
22037698
35070335
39361690
33305813
22687513
30220077
31637507
4844172
39396750
29870857
3371751
39422596
2188616
7458395
11075850
35884907
13007332
41615734
-3174172
34154293
38241732
33639859
14623473
12456271
10988732
31518382
-7910655
23800824
10119944
3811342
28393692
24061374
3036749
23000583
5434250
39283647
29222591
-4289591
22198459
24567768
29327639
-8929203
15068875
33730067
15420637
7927995
21412418
-261342
26040000
7494416
33180226
30189951
3009503
25950727
95538
6046072
10920720
-7752329
33360876
35530821
11129049
26692012
-1629643
10986041
-4571268
17778705
15688240
6853511
25787426
22958298
27660511
19868763
22688124
29133624
16138419
39793549
-4524456
20914067
11884832
27099780
-343547
28910244
27027681
50016616
25890214
10936299
-1944457
-5908152
31230428
25701522
18891707
31638866
39776694
46201736
14632753
35762995
35629840
21715477
22175305
19795172
-8526038
36623572
15983182
-1533632
-8199001
21001767
1125862
29487074
-1260392
24676556
30743796
10596834
37991353
39511846
-5077624
39145933
41448762
23909356
11051932
22521968
11466379
22277561
25893932
10948535
17973004
-5319839
14314755
-4431076
27952475
128515
35095238
7369114
40879525
-12281483
10878764
30826801
-5522045
27515778
-797550
-9439914
27800051
3175009
7152962
27168124
4165641
-6490268
20280203
47907761
38015176
11657685
24009313
-11096132
41159825
2522394
39608087
35261433
16313988
9458147
19873439
16727688
26984303
40577238
23350153
2736796
25613495
34946380
1131349
14094328
26216170
-6904435
9215087
33730903
935700
21015503
3323367
2424935
6925591
43446536
-4041658
59538367
28035027
-3708802
-10425397
13214426
-4048762
9238319
32934209
-1191905
13240560
23032174
2563457
6267526
18253153
-4290456
21549697
12171785
4722285
-2869362
7121315
36597449
1119955
6345626
13331324
36259099
35869532
-394450
32108807
38494238
33267967
-8764810
44972511
9069197
13177758
40020226
-4402834
27187469
17375991
5301113
27195538
-1029550
28900243
452801
10853866
-494766
36916770
13989444
-9088807
-466263
19672952
-6079978
23638591
-6165106
-3526527
35598937
4936207
35276676
12518215
36019993
12141911
40394177
34733666
6400147
-4150757
16538794
2747761
56918090
31337563
31450810
24593716
4648356
36749262
2717099
47475566
32394276
14101594
37723835
23101114
17718852
8733751
9531922
37998731
-9391780
8873042
18417568
1441877
-3761662
11687850
8216129
36015472
24490743
32298036
-9803553
48388671
10975705
12515846
25291460
2233344
12693490
14164580
-1773184
39579015
41013319
38708799
26190237
32001054
1534065
29794905
25742673
29311694
25138551
-3543289
12236350
3604921
45164527
-4949941
45345388
22341585
-1002038
2071163
33585285
18972470
7009965
-7494844
27895745
33863081
40593692
6527827
22975849
18347259
33506328
-843343
12963884
2716865
34201335
30620776
-4829517
15875390
10372364
30018541
16083814
3570671
10794089
7685105
14528279
37119543
24211332
1612187
18404449
35645596
5535865
36736684
22401556
14059147
11049368
18989771
26516537
22995474
28592
19512502
-6143852
10839002
-1358348
35676897
29455553
-5306023
45079769
40811414
3545686
19218362
9243588
36517853
44234427
28503748
28906885
2885140
26690970
8907201
12630471
5799935
12080798
18508416
-8199871
4591054
6068187
34838524
18784241
31039291
24551735
7655733
9318713
1357014
526983
14190863
3251852
20496672
40128231
5369266
22500194
25885117
13806939
20038625
-8130347
3949016
30889527
-7285268
33719469
3698588
26416975
30960675
22341355
28654835
3156701
24235488
1788821
228053
-1301341
-4482365
8973656
18905838
23044884
23593338
6093538
38010451
-5944117
18236636
25109554
10649203
26815238
16119116
-3859396
39436730
255778
32230272
39628981
31278025
33061751
-3447424
11426744
33682855
20154161
44572425
-3492448
45123485
4456781
18652766
38922250
42154588
-2793053
38086386
7387208
7225730
27628128
39849736
-6817989
20547950
-1961276
49244039
27409526
1584922
34996481
39245399
26494594
-1801522
16638814
-4451345
17889327
1116519
17819918
6175995
5187542
20294118
26756249
10885541
36106998
32868345
647049
-124709
15641518
57009384
-5931086
41280461
20078470
30218411
10129739
11407691
13876549
21628996
16628331
3287
7927343
33289137
26374224
32226047
43682720
741838
23606646
7454143
902165
31240083
29232080
19026494
6631597
15132653
28031020
2141962
29979580
15506037
28884115
-261319
-4791436
-4482673
28620673
32227300
5856764
1475009
24548113
8473014
13851343
14269073
-3384874
13755647
16104741
24368454
17129023
36845928
21592716
-4952598
-8840239
29791238
38454687
-9363263
28455440
38891862
28448275
25565118
38182170
24298614
13379014
13930794
611686
7201345
18494204
3640083
20718512
-4412216
-2166812
38791475
-445438
17864394
40635675
-9757546
362510
647566
16555507
35182346
10081415
13854685
6493883
21481196
61466761
-4408433
-4947081
29849521
3282261
26080089
6397239
14169339
40991026
25321910
32984193
5678882
17207816
3702456
13378349
4172521
-2180121
10004943
4266032
7277997
24644419
47522570
40822232
-573403
12593543
37740034
39242895
-6368056
-1431788
36937306
19168952
17036268
8317426
13225111
18844966
41912292
-9370301
21775795
-2480791
13834432
-8796425
41581109
12115899
-5225622
39950440
30926225
42604530
11325643
22928647
1023296
-8719805
38407938
2138526
22643696
23711100
29920408
11615825
13926398
-811415
-1622745
-1372595
4398418
35993914
24445629
21863482
24873843
3989275
-3185021
8921941
30781742
-1392890
-5339962
9548853
-8860634
4895907
-7840310
16237118
23314048
25605140
47588362
9683879
38627520
1561918
14617313
30164707
20670767
21623089
35847413
11277237
16123544
30324083
31152021
28742649
35847829
15541394
24854840
13527195
2895303
31039848
34436608
27214292
30749235
21871946
39814442
41572302
-2654552
27839599
-10894958
-12804493
35463190
-9065936
14653961
31727552
19173767
23726546
18973347
40136543
-3760723
15641016
23951427
35191525
31761474
