10138784
2958138
-6323577
31641846
6457269
43068809
33056439
37425126
28559452
31573626
24711808
6722829
11569249
13455256
3591942
28232960
40691486
39612249
30904517
22245227
11192007
-4703169
3251893
38802185
15019012
21593452
-7052460
31802255
50434
22069955
7740727
-4763846
38695505
10076321
4960090
19783631
21761244
26124311
-2758542
20809030
40427288
-457703
27546582
12089145
33826899
33067349
-4716565
33572336
-4412360
15613515
-6290749
14616402
28424168
16582206
4250128
37851514
-6401217
23827248
17222160
21116321
13256312
37182686
-120261
753739
4568731
-6157064
550291
7863833
28022434
40587986
-6731434
-4312972
14558292
-85391
17711921
13248036
11907493
30096057
27184745
4553530
30128073
14686477
19908331
23108549
24892723
19877192
34405376
41389562
29787393
38043852
50085954
-4232476
20044612
13063625
-799408
-8126513
47066684
33523383
14523626
2273848
-6135221
12331436
-10804135
-2815027
39071846
39145763
41394888
7950001
5047136
39882258
1362917
22685498
48949650
14216434
22492419
24037924
42649779
19450816
-996228
24088081
24983606
-3325366
-4670663
14061164
22959521
41715614
-6622667
13395521
44349117
-7633402
311104
35608158
39995199
-2816593
36912185
34065253
-6851687
26470033
7639047
39528947
22378421
37258601
50915187
31322416
24225004
1436528
-4288387
8740263
36837850
11955049
14725561
-1698617
30649646
-8697353
-871153
18697088
-3296566
12002869
-5868061
39425028
36758384
395364
8734207
-3203591
48487741
9130549
27210997
39108909
30955968
1091311
42148039
53763784
40096710
4805508
-2408818
13146096
31355092
11393896
28175531
-1619631
24719350
14187955
21552201
5447012
38396782
-5062213
39080687
19672690
36881025
153740
38254538
26436162
36750632
42313157
17275959
34575012
10719218
32313603
14480984
7035607
24195220
25690723
20238443
35443734
8575340
25998830
34420487
52178576
16916912
18290789
504924
31120945
20033036
18131570
37220324
46035284
26185632
21018130
12821733
19913403
22904590
22838506
41087202
18842957
17947121
9506477
49546428
9162367
-2267425
30649681
27695167
5873190
32555391
-5146899
-294365
43092032
23587904
-6910412
28942904
5144347
-1991833
44748654
4277006
-7859874
9489124
20413103
36501020
-1006990
41463052
11953160
9806041
1132089
5378003
39339429
27365481
18376816
9912356
30637809
10361751
23632488
14003275
44483429
45368011
32591791
26615622
-3013123
22878301
29526731
20213939
5384683
25649136
28822259
32173876
30760206
17552913
15574488
26480727
35497399
-3050297
56514343
28863585
28097037
11165580
10662724
30927130
32098786
38291793
6044549
17035376
5656574
24083208
18748375
-310825
458989
34675542
37502868
39073272
22078956
14229901
25855777
13265287
6115935
35679398
24123432
15593927
38074197
58450680
-5334387
18762968
23483628
-2340110
29606572
27433511
20072429
42863407
34650016
31097379
12169207
23384010
21387546
34439294
5256222
23131877
-568654
-5134765
39171469
803234
46471140
21925732
23893037
8274916
40022249
20285081
37158330
28847543
47211292
37325653
40013745
29532749
38200297
36011266
11151604
13582928
38418773
28295494
32736331
22955259
36864420
27121583
27986376
-6582245
-7989434
-5914633
7609042
37885540
4879115
29303510
24689473
9031947
25249099
51239793
28657452
43703595
28365508
34285739
35948682
30067220
10936470
15742991
39770576
11717809
708874
16156038
32874414
44911170
-2679665
21314742
5504598
25403044
36340962
38735788
16366231
32162868
-1707314
17985311
7346826
30696096
1702984
12042281
43596887
36354552
34316473
26522282
18482217
-3577352
8701775
37188325
-7429996
-3548751
28819562
7136069
37680203
3298660
22856692
2582126
51037750
-461636
27067034
7374546
37570229
35530207
-708051
41655668
-4684094
26943716
33258896
4371395
30341698
19935272
51591698
33365643
39058975
21941003
22560021
45499456
16353459
38295461
23151116
29093410
-8708578
10179455
40167345
30689617
949113
36185238
22749747
7547356
34492843
36784647
5821612
18810690
12215762
31614455
15682351
19821276
48800780
49946953
13238222
40063307
8804580
14865319
11990030
25369185
8054374
15039260
22032825
30405728
22449137
498522
24640501
37761164
-865258
7646857
35846633
12225133
35931575
44394772
26162258
24794553
9677883
40635617
39660628
12790025
29260818
30741074
3629726
13753719
1248549
26303805
13581502
-4418092
42596009
25986248
21227538
22950947
27945791
-1024865
33569093
34457937
40424015
14412194
-4664474
18504488
23202060
1607474
44787025
5242406
16117495
21184729
48834133
15927667
6032081
16263686
4107141
41027902
1254266
39147404
8435581
15835297
25434629
17679363
9834163
34088754
15711919
42042444
-4766535
38824416
23598637
42838178
7235969
14136515
11201072
7767953
41260834
12335494
30271485
21209346
8031236
-1836932
37677789
41086604
26564030
11187319
31154126
33888862
1729119
-4809160
3547036
42580336
25918390
1204038
-2644438
19959979
13550490
25892831
28865137
10048878
26134294
-4718190
18702782
20535480
-6730233
41691227
-8983909
21128209
10396321
4691158
44538245
8837037
28619145
-7455075
-1736690
31912561
10260443
23149230
27137246
27786285
10869103
29460078
19779513
38053944
29752374
8154926
27046848
31141777
6064608
9390049
38654072
42712960
30801416
39905069
-4558135
27074642
-3248620
11163632
27157464
35152443
-4344373
3317792
-4080779
1209834
41560683
25007198
22027302
-208891
17800230
34553670
11724741
-380294
-7823986
35443360
-3426595
12978700
8999861
-7075254
12715261
20049870
15063059
1485840
8302012
21965429
6803163
5812546
1196148
-10959902
38758196
30597728
7521351
39481464
32150316
1209217
26624669
-235388
15583843
6641632
2533858
22802104
17434907
22328945
12808940
32328439
-9432158
17573614
30197332
16493244
9563966
13321969
33266153
22693502
18668509
-8749876
46540765
11880763
34246924
35080215
26455030
31368101
41768145
15218256
-235053
32304693
4532886
29487163
17188582
44181904
355961
36444565
17338249
39559446
-7768036
37103900
17486608
17526523
2341149
-1284166
36369642
39539745
-12430461
112109
14241166
2663135
30303813
-1100989
10901025
389028
31326036
38609777
6513478
27115503
23111393
17644502
1642087
9546754
8685912
-3232045
52499307
10866629
22511233
34681823
33020383
42804645
-34597
16788173
-4050146
37504379
-4999776
14244987
4217696
5639686
-8104686
34655366
-8788348
7419920
42931186
22660749
-1078979
8016894
-5380555
-1359391
39062462
26625645
22310818
23299280
11160648
19287885
28216555
-687476
43336827
-693093
-3185586
2655054
-5573039
32383108
9372641
38447748
7064021
23144868
7532893
12225099
5393827
13665651
4552204
4810145
17981177
20579771
42298002
7307007
21668845
47034574
8393070
32328512
677998
-2091146
14654374
-7548466
34379424
2777273
27991649
68765875
15442099
21122863
41202541
4774508
-1904144
-4548545
8460181
-7095516
17850599
1819711
31569447
4621631
11835602
13718364
6433396
-1660399
6839282
33045310
39134777
38732347
37202397
23178963
12081414
37011703
37842832
-3292384
10062037
33961174
44135720
46094447
29232621
29199057
32240628
30138430
33915305
-644347
36517189
-3497711
16976714
20322937
20230019
1147911
27956405
-9687815
3124447
7959158
14198176
35431984
3865929
38718087
15016860
-159471
2972275
12197910
32947573
-1699318
7260552
30213784
27462546
-8560525
4329412
31198566
-9032089
-5396169
1481279
-7565993
19803752
32428181
36542683
13120688
7732581
11436185
20141942
22586656
2186045
21489717
4471578
8589627
59598823
16690736
17339056
2302917
25479101
10596097
-1774421
2215559
7352928
-9727120
-5793533
31672082
-1868470
9543176
33201584
22026291
-7112249
22627917
8920414
6545981
33843954
12454115
-8699729
13232647
41805961
14383130
21453677
13124653
1075225
8611602
-1581750
5410324
14209467
22328167
7141049
19852713
8180184
41083377
38437112
28459854
13054971
-7121832
17850381
24071472
31841782
7964687
28773068
5521886
10269098
36699261
9316760
28511433
39511767
-351655
34251097
-8245160
925278
12992587
36376366
27373253
11061336
2174855
-4651112
7283844
5669753
12620711
15932901
12980881
15010534
13498619
9674494
23122459
5286899
18530395
15346918
32211738
49039815
41670426
41387502
20639426
6030287
35904831
7883123
-5623037
31318438
31285063
43528817
44903758
21157894
23165888
5107297
2152253
10518238
6057873
8426142
27395454
27181679
34693113
2558526
-557639
49430793
10635370
24126128
11142048
28651063
26369957
8314780
4369276
-5150641
31500945
4689104
-3345781
54949906
7363565
3781577
26487918
8971055
18158766
-727017
38742042
39429517
20643583
14333051
28604623
8365317
39772750
34118563
24810612
4907825
11671815
32470870
21598672
12471213
36790647
14378494
31362206
21258851
7394293
11777874
9133865
-4043220
4224540
19890520
559849
23567876
8823733
7083704
32417196
17040729
43880242
-5818335
30889869
-11444735
28438134
12283696
-3639226
6335250
28401021
44356267
36774349
-5097266
34299442
-891104
34386252
17006876
27007133
28371112
28874503
43323717
12644659
63052
16224634
13574742
-3501423
34167854
20572768
-5840176
19217499
45604375
26877503
8649454
27222469
197417
17583428
52242506
12007735
35168393
9909860
32078115
3444089
11445427
9776383
7611034
10047523
4584449
29068945
18477173
6168570
10258901
16648107
3668734
26733337
4501371
23603422
-4669448
15418364
12189532
54910462
31796167
-2922253
22317845
19614647
22442897
38210446
8143053
-4640599
22277620
44360642
-5518455
-2771512
15162022
35355312
27837818
9062750
12552760
39121372
25470071
12805578
-571630
1198835
29085784
34006369
9573792
20418172
-4034668
316767
30427378
43815941
38962217
2488709
13693778
16987660
22901745
-4582914
-3583276
7411143
6723898
6374243
-3391753
28066009
25664937
520612
12358492
1753870
18112683
36795213
4587859
6025969
18163362
31248939
3204291
37275633
26884377
22740751
20624776
14912375
39318607
8751917
27404086
21322213
32439248
-2903383
39641370
-6982203
-312333
3204122
24530667
22649160
19263813
12218503
25506895
14527120
18565809
11224954
11700575
24315070
20453499
37490086
8907554
39324862
23553448
16521595
10059111
-269448
29142294
-11711079
30405549
30006493
23117992
7703522
25296736
39666594
44433315
17666566
29380563
-3467337
11972056
20248900
-4125808
6005690
17645623
28464122
6086884
40758095
10009341
38892622
36505927
299847
23200305
13389869
36404718
9215410
19431529
31263415
41597218
3181968
26492187
16569940
-10760183
30610324
4519397
25943206
21537928
9949548
36791591
39704750
1909914
27076441
19855482
24152571
33745032
22108693
25374434
31580363
-317754
28646162
40035882
12340918
8419316
15454054
-3154788
22600816
5623497
-11766512
27376656
25483038
4846586
39974892
14320976
31551700
7623942
17556249
11059604
16191526
20623910
-10260659
-6944715
7381582
82629
5953237
52033575
21193858
-4051011
-8225454
3852023
30376312
36300820
4441607
41706702
20274429
27560973
-4477259
17059696
27106791
24610631
20882072
2909447
22705448
2138134
10300883
32792779
5307958
-1606143
34497856
41873855
47867411
18970732
30389122
983598
43187819
8141438
32853756
28498845
17171715
5749672
41675867
38469446
11702148
37527318
38167051
21814906
14554123
-3651433
32208042
41431012
48341786
11791590
2458505
8508237
7673448
8879410
33211716
3417597
27990643
17514507
30638398
-8020972
-801961
40953694
37010093
11655036
27296996
21237851
41467028
43865196
29693798
7134748
-8265391
-7556046
41418510
23520342
15555486
22543724
312916
22944213
9623894
54618015
15327830
14146891
25575413
31267184
41207028
7561905
36007789
17053582
38088079
13601042
6741711
8177955
15250906
37118279
13262448
40335950
11238782
-1346869
10716862
30996992
-6643659
13504361
10005923
64307572
32781585
14630462
17362288
36589202
28065060
33833087
30074579
-2426285
27188136
-6560113
-11143858
20909080
-4533000
22624379
13017059
30671866
19047357
13623583
10189210
58861743
21085382
33199654
4435715
16417892
14428741
16370867
43118252
23305480
8369784
20651030
16870513
34347244
44404313
10086932
9398582
15628244
24296372
17110918
45517464
16038756
37291409
31659387
27674976
8410352
25972033
29375424
41416572
5216876
7578114
1602125
18983080
36743657
32931515
42542442
8820907
2881862
11626541
-4391071
33922567
36570187
35625014
30499295
2127249
37765451
197389
34480720
-6493283
28966229
28180494
7923339
7699405
2688378
7411225
9245213
7502655
15813532
32789360
31014155
47039332
1687852
37264740
14971826
24187757
23514507
16472754
34341971
2726459
27933289
37157219
19767733
11270983
24014196
17221035
26777781
3195722
29639785
9634582
-4753489
19959856
39635122
-8651499
26111579
1487322
27211441
28445914
7725927
23061980
10316900
-4833771
9676562
2683483
36615929
22440549
43885967
6562979
-6967239
27344650
14117206
18390466
19671026
37077240
33473683
28736257
33325433
9064678
-5547671
-7486020
12703337
56146672
6214111
8279205
12004052
35512624
44068443
28152664
44843158
-3647613
-2699626
2187118
41628165
561878
18255403
-1243188
10449787
15862302
38888239
29249292
47409155
18728534
16992096
16101981
13219112
13069754
1126238
10392868
17464777
50233191
40971592
9333807
16128586
1682293
5610669
23371120
22772954
7801423
35802538
19372353
2207575
8211654
12545361
13354922
39281422
25801402
31482704
16252084
4132547
8207397
-2969619
5125808
6405084
37767492
3775255
2973924
47115914
41006574
24852223
38523873
16322049
-3355872
21096777
15720015
164604
25236288
11664237
23958509
25302845
-4290226
6274875
31386826
40675189
42915204
-10874734
22550710
26404789
35140831
-3204898
3478348
5914034
24545696
20070314
-1003354
12325720
31355362
42448220
1794910
-1161893
2211144
38565828
38308940
20472460
37197749
10958235
12510829
36111729
6812759
19579090
-128222
21214961
29489269
3826048
-5867131
40377392
12434731
42516084
10787030
-9669488
-10296395
-4294378
34403896
35368260
38601775
14278491
-6375696
23852624
20994561
33625112
37676810
13040990
33458732
8823074
4192602
41557289
25606972
28255413
43024802
15578835
-4318360
26048728
28145569
21903691
7722045
30211282
-6770253
31279306
10776746
-2908700
35025720
14253468
21177665
4743361
11264688
-3267766
18782839
-2970348
35174250
18638481
6633806
-7404441
20075752
-12791012
36404183
27733620
12513913
23296232
-9419455
48892413
-1177374
30146568
27194056
21810885
9314401
22230745
10002509
17454838
21376938
-7340129
-4712622
-739341
23412684
23048791
24689233
19919236
-8258702
28883741
28337026
-7265603
22787402
-10879844
12262230
24555825
8556610
34345445
6746222
37055968
49167716
-10621774
22310917
9185715
24086321
168685
22160955
7887777
19499774
-4814834
48599721
12344937
10042955
-2490121
26453150
21359700
-1202265
-7703954
22849056
35110663
41525231
42099151
38320818
9981076
18259892
38045503
-817927
4502322
13719671
31737878
19929478
32001683
8637694
48458466
21961918
30353155
29315379
29404235
4699792
36055949
-6091322
-5130837
5744937
39574124
39674432
36777650
1068219
17388129
5680201
33154449
-389985
20131657
3253580
32113114
16211847
6144717
22573885
18382111
40139926
17103562
38374078
12191523
18878679
22149065
34325864
14466531
25627070
32164723
11124545
24986765
22805006
25641006
7628246
4230043
13549610
43681651
31338146
41137936
30680669
26101421
9825057
4091918
4787714
1337710
24156479
26009724
16860263
-704453
-2820127
34275741
8513454
7282264
17271535
7345919
29012205
-8329709
31430848
-4679940
8717616
34877608
8056862
39123306
43812268
651444
17873584
-765462
31432853
5339717
12783049
39154763
10002743
42371665
19312178
38067720
-6959280
16732374
9760739
2781045
1185286
8178980
-8050244
17530215
-8941682
989504
-1273971
29342407
34092757
23398583
11692068
15993825
13286997
-1073529
9697459
14550155
23184400
-7735382
33736288
37116626
34752002
30766309
-4546912
15295778
2690476
1065368
43346287
11961598
23533084
54423561
11760259
4136732
24303216
43372499
5741510
21866586
23643443
24164802
15892123
10202272
30011327
22131074
-718591
27462182
40043979
9889783
11963920
30427816
17221553
16938358
39278561
-3888714
15947381
9729489
6271228
28702958
18516914
2580953
26739876
47975459
21150269
30567820
42755145
26103645
33251275
13227688
37393434
28381501
38663293
41502479
39480046
-10495915
-3251122
35736026
32713358
38624086
15246458
-836703
13407523
10007502
33696296
27754809
-3296542
29412290
29452280
16162254
25350802
33453991
5910669
-2536576
16448651
-7384926
13132183
37474271
35020133
28898360
27564240
28071529
69791832
21435914
35811139
6057535
18505944
9324965
-8585218
25892242
35497266
27865493
24801473
53545918
43552150
-2850082
-3446401
21650368
-2664321
22642286
9339623
39049238
-8033363
-3022281
9761318
34176141
37143569
37143780
28311223
27619527
-3234705
22012147
33436493
31816768
34775979
26318304
-3169579
24426596
9350539
5809581
-8246544
23939003
12108303
33881809
15752367
22658549
17026236
32509416
18871048
3697260
25602576
18381326
37609896
-4073510
-9368477
7320135
11772859
23914375
13159874
40111076
7883949
22015809
-7663739
2369717
34252944
42514984
-10011008
34112146
32357496
17005188
33203241
7560731
41952393
3962691
7277102
13577460
23017103
26117434
-5897581
26206561
18158243
-813925
-7526197
11342474
25142190
16503447
13601029
-783540
9059076
3429098
26700540
41824291
12636913
2085550
16672365
16607070
26126846
25682156
16507138
12829207
30023029
4753457
11893791
35160644
34957500
18226181
28547105
35119940
19183555
-1499244
13069206
33708551
18099256
11556359
17990531
37522540
-6024873
20017639
9149123
9035453
16085875
25598318
39852016
6870257
32283044
20923326
36043988
29831173
14363971
17977519
25829249
42198859
4521685
15076053
2875205
-3754069
1787339
20078986
1042530
8032230
3902884
37457066
18047319
26939307
36020373
11170624
48149213
-1670413
6015827
17803597
-5804977
15681956
22186209
8609619
-6471900
29432868
34817245
32417065
19979869
-11002949
34819581
34295660
32949282
37269298
19073676
30690399
-8759654
-9928634
491089
8111672
31458427
18028291
6778061
15263435
-618146
43987015
-2469205
48200760
40181736
-5816193
-5662575
-4770046
18387839
1605531
28392900
11662084
27576648
30739625
41169081
34265743
30427834
13309529
40963712
11136124
4675662
10942354
-10683458
-488894
31491747
-3542037
21129345
19824292
31451155
5588139
25469927
229786
30416294
34734883
-6479177
14280746
-1778489
17709194
9370261
16731714
16190564
22001282
1226678
34220958
19270159
40551113
15167969
16454617
26772505
6223972
42113959
20160655
-7140046
-1891921
24068034
7658109
-5041559
26189553
1609198
13010741
1707909
-5228530
20249591
29509078
32531747
29756326
12030960
24488896
6313555
33495777
-6881929
41127403
6311089
20508073
52590396
41034642
6686532
13048355
14099708
38821918
-2235190
5158165
5336338
-4270126
28491904
1022346
15970864
10213442
40891511
-1453547
23991004
11302436
10450635
2067155
17501874
33377291
26928597
-4932038
18084936
1231682
20511542
2286969
13559537
19768778
25000223
3737733
20326378
-7343254
1225220
20874179
60733513
26242079
-3641230
1698606
1198883
243162
8973737
42894005
25345875
19023753
27336772
31374835
20008899
28265392
29963354
8107868
25206722
30667347
14338318
13308423
46956938
22150551
35138123
39459230
33372273
22759579
30317424
31712991
4928546
39487015
29989170
3457260
39490791
2259188
7529155
11159265
35995624
13082634
41692363
-3097306
34237321
38316204
33736344
14699648
12543343
11060532
31604081
-7814940
23885494
10201594
3894543
28474076
24141752
3119047
23084465
5509457
39372901
29307014
-4204802
22282500
24642786
29403306
-8852736
15139101
33825962
15491113
8010939
21493776
-181943
26112747
7581971
33271520
30269764
3079119
26017169
193941
6150738
11022571
-7680313
33443365
35621583
11208258
26768012
-1558965
11097173
-4494406
17864611
15759810
6950679
25860930
23043325
27734726
19944263
22758160
29225812
16217499
39870209
-4430805
20986863
11977402
27181552
-259836
28983980
27108010
50101416
25988062
11007106
-1863743
-5844448
31311447
25774378
18964772
31715540
39876733
46300865
14715880
35854880
35710264
21802755
22258455
19881668
-8442666
36706578
16053005
-1456278
-8116905
21078276
1215158
29552397
-1147747
24750542
30825360
10678377
38074144
39611668
-4990435
39227163
41535178
23978677
11124477
22611462
11535344
22371818
25973165
11015834
18051688
-5206290
14387903
-4348411
28034703
211711
35165979
7443825
40949835
-12186168
10979125
30894890
-5443807
27594765
-695312
-9331984
27873888
3256226
7235017
27246128
4252944
-6410598
20368823
48008902
38083724
11728499
24100739
-11013644
41240735
2624571
39681120
35333732
16387229
9541654
19953292
16813834
27055216
40646704
23424974
2812278
25683324
35015608
1213892
14166843
26302330
-6827087
9299294
33826033
1015845
21115085
3398867
2498158
6997277
43521469
-3968579
59628409
28103266
-3619229
-10362840
13305774
-3975681
9304050
33019105
-1103024
13306154
23113076
2646316
6349529
18334896
-4197876
21627381
12245643
4810492
-2788489
7221278
36672439
1216636
6429339
13406474
36330455
35944110
-299327
32187721
38590840
33347395
-8694112
45054532
9142571
13270631
40107322
-4327879
27279771
17446030
5374476
27264613
-938402
28984801
526406
10934227
-406990
37008500
14058352
-9015942
-393959
19796751
-6004163
23717006
-6095982
-3438824
35676268
5008449
35359471
12591822
36099692
12216395
40477357
34804503
6470607
-4068495
16623283
2819670
57002343
31448565
31527722
24682137
4739488
36834321
2788804
47558711
32475605
14183048
37806321
23197868
17806319
8806550
9618727
38078051
-9316641
8970440
18495992
1527523
-3689367
11768983
8294457
36082571
24562526
32368543
-9701758
48462512
11084892
12587892
25435512
2347029
12777037
14266136
-1702585
39654341
41104236
38777508
26265991
32090822
1608318
29875639
25831560
29394506
25219282
-3448904
12335294
3679464
45237505
-4881072
45436292
22433492
-913280
2151416
33629622
19058543
7079372
-7418769
27944574
33946513
40677528
6601036
23061465
18434776
33585535
-742157
13036778
2810181
34275059
30713982
-4732741
15963328
10480779
30095076
16158405
3675728
10885719
7776480
14595173
37228033
24302474
1691560
18473974
35732523
5634282
36812757
22471475
14147124
11122021
19060185
26586517
23092825
106258
19581128
-6063743
10920242
-1267231
35748750
29553956
-5225917
45162289
40909216
3632461
19338735
9325539
36598811
44311585
28593825
28973904
2978070
26776004
8993552
12749657
5892681
12166946
18595541
-8104208
4699640
6159734
34920271
18853458
31125893
24662859
7737797
9473663
1454997
598295
14293765
3381121
20569581
40210023
5497631
22594484
25992187
13919230
20150270
-7976940
4039125
31004875
-7212845
33820849
3787012
26494186
31058473
22474629
28763986
3229649
24318980
1859012
324583
-1187829
-4406972
9054167
19017493
23139336
23731603
6174805
38109489
-5854755
18373952
25211307
10735904
26929760
16238933
-3758905
39508015
320302
32372965
39709003
31422453
33164934
-3360601
11541093
33796369
20240103
44656873
-3379393
45212158
4574029
18766015
38996613
42277036
-2699723
38197919
7472933
7303540
27730904
39923138
-6680956
20635518
-1824027
49336161
27519899
1672342
35128634
39317567
26565173
-1703510
16722816
-4374089
18001521
1209125
17924625
6286702
5257705
20387398
26863653
10951917
36192263
32981164
733356
-2287
15722817
57159670
-5851175
41366892
20185156
30297138
10243610
11496427
14000064
21713214
16737695
74040
8012877
33397821
26469315
32304403
43758335
824875
23688407
7537034
981537
31351653
29354141
19112503
6720173
15205892
28109101
2222854
30062684
15580314
28965425
-189784
-4664524
-4408820
28697924
32308596
5944049
1566388
24652893
8555569
13924823
14376126
-3314296
13836839
16177028
24461045
17219055
36916514
21676136
-4886919
-8721448
29868514
38538170
-9284658
28524917
38966678
28522224
25662425
38257466
24407491
13494165
14018514
684182
7282568
18569645
3718144
20802851
-4325562
-2090322
38868892
-360744
17956954
40712723
-9663613
433665
724915
16622573
35265637
10176988
13928193
6567158
21558989
61544380
-4328811
-4875941
29922432
3368137
26152380
6485924
14263118
41082425
25406328
33070951
5795147
17305337
3787863
13450729
4268093
-2098674
10080148
4358846
7356773
24748406
47603331
40903199
-500652
12687733
37821785
39342185
-6286278
-1355270
37021445
19259462
17110436
8401418
13301755
18927442
41997843
-9281799
21857586
-2402763
13919109
-8714052
41651324
12186816
-5143056
40030033
31009161
42688666
11425727
23000033
1094994
-8647778
38487138
2233064
22718105
23794256
29988265
11686982
14001345
-724973
-1544400
-1298832
4471292
36070383
24522181
21937358
24957526
4069091
-3101679
9002895
30893753
-1299344
-5250410
9644779
-8762475
4992086
-7760162
16344883
23396965
25714403
47673904
9765741
38707711
1665629
14694975
30255980
20749259
21707133
35925920
11378953
16200853
30428135
31229094
28817393
35924921
15620635
24935256
13624491
2979810
31127941
34510343
27287983
30828320
21961011
39897739
41678147
-2576530
27912867
-10825928
-12716658
35537013
-8989639
14754399
31809035
19247708
23796559
19058989
40218622
-3671261
15736184
24036400
35267665
31839740
