23413420
-4188618
31624070
8947329
14810837
42954800
30915808
40769095
13783953
29895293
25424837
-9174336
24622344
30395235
4462854
17475698
-8827825
3516259
15675588
3723
39228994
31580781
963927
8712042
24294023
-3586975
22423043
-6946392
28795683
21633130
-4106528
-7458562
-3405562
41741887
24783280
39173692
-2503180
35198965
34611148
5444760
3883535
19183984
23508563
28875248
6986378
-1330406
9192491
-7340537
14719486
3702375
-6569253
33834233
24780963
-964405
19311646
31713927
16975650
21732276
35150645
-7393905
48547779
21351696
-8966348
39406311
-8232447
1678523
39354307
39148369
9936000
11642874
8278396
8312365
42083954
31141696
7910073
7744444
2053182
15390207
8166549
3625653
-1904144
-6422600
8353833
19322438
19268785
574841
50587815
36692419
29526115
25214198
26843923
31256130
34213037
24133845
9401623
14565598
27291674
-5817318
27201619
29199673
19550188
13082527
21338218
37360817
9222413
11409585
41216940
33324864
38061547
10779295
33903796
34781519
14747512
29098516
39460367
31143083
-3480861
1933073
25248689
33348898
51244936
21409092
28678107
-7349737
35265385
22979968
16015154
1072699
4843544
217851
15556410
-2103033
31030922
9797592
31625420
38462821
31631701
19917433
-5837496
-1448164
21315783
22783251
26233136
37896860
29298064
12650904
7523520
39601900
16884793
29668541
-3018269
21129450
18922657
-2526848
-5632625
-2770508
9307343
24735979
3441559
5664227
12662829
29728156
37252418
41217499
9289987
34476629
28627728
10500765
8077675
19868139
13270503
36414025
1507336
36632843
-8001095
25757154
20206240
18600534
13743814
19442243
16138663
35359414
-4385315
36252139
17652687
16362372
23131096
21092115
17855690
27239838
35142413
-4128068
20510885
-13426042
4522864
35240375
19678910
17510011
20269685
6801953
10050797
21388
34614166
40078266
2657101
30643816
12251601
20608708
-2118792
15536062
35353268
20900810
6374333
10194142
-362055
19626487
17846253
38423514
23268763
1529973
9157450
-4177785
25778793
22619568
12109940
43636657
9612533
19814642
28077797
20589856
40066942
12694906
20675087
-8901981
18469256
11221826
28251209
12683923
19142704
28226003
20844877
-738727
25164754
-8172662
18927928
9241290
28751279
23229415
11874330
-7930446
35444766
-8182309
16249424
-3534600
-305759
32194795
11627489
25629085
38512033
6580056
26743599
1913838
4163518
-8173335
28905446
47591179
-2499560
25114275
33759940
27100279
4940885
-3049247
28943228
32227849
-8888050
13279932
-1877405
8165715
-1994000
31229451
-9626790
27788896
6215387
24314192
9973176
17630934
-2651554
19834096
-3455763
8780320
23585205
24713779
2707529
-8454808
3714537
28506038
11992764
31378830
12462012
5259918
8368759
54904468
39990353
8381942
-401419
666195
17947239
26181635
24530257
29399634
15615376
38960271
30873310
38759468
37258489
12309280
31119959
19238802
-2370735
36999010
33079566
10239673
1674672
66227239
5756916
35529938
30872459
20884845
44598353
23774542
13881545
18958067
47424817
34466429
-7006822
5609859
-2204356
39289436
-2157023
40811010
5320088
1902036
-3042352
-526086
-12273379
-3419424
1039963
15258949
18810864
-4615267
31009436
36673717
-2534675
42834555
3330131
4837686
42751346
12703287
10154028
33590480
25077305
-5424570
47575260
-10198551
-8663065
-5552078
24954816
20498059
-3321240
33617646
12269930
36029953
33965074
-4301545
5241415
4150756
26003800
37829271
12015472
7019287
12509157
399259
30681309
15075919
-1266177
-2231872
179423
16993754
8294415
22047633
41533121
28938216
-3143765
-5603829
38144587
26984541
-11662911
29288528
42269944
11036463
24580460
40405649
-4422051
26429987
25004046
13030036
11336689
-5723946
18967686
9371631
-8001508
-8387083
20028704
1478988
-4319438
15762093
-8549867
14595042
-8354916
-2219902
-5330723
29693396
19128820
-2487986
30921301
-4427764
28855797
9686848
22986339
12711116
11246687
26650052
14190333
35232684
-2956294
30210247
-7864398
28347030
-11592285
-8015037
5016932
387956
-7126375
25389756
52123218
-3326709
34569769
8405101
23725459
31550920
60095851
15202452
-5054840
38191684
-2629940
31736790
8018313
11587828
-3687439
21246048
10585419
11216433
5806124
35907606
14987917
9243617
-1340681
24030108
33701025
-694712
-5937374
42732613
2474323
2911240
20454371
26091927
-5917989
12439970
49075745
11926786
36664622
-3633377
6171991
2967805
4216811
3871875
8227564
-6704593
8892656
38053279
-1446828
19467172
4763149
6457069
8260877
23323606
26124066
-1225117
-1169010
28834660
20724167
1580984
28955443
-6831794
21020640
23971509
5958032
-2735844
4395918
7622399
11860175
19241180
26229104
36601249
17307819
38090635
37034668
37878773
23883281
-7470077
27384228
32666255
18723109
-9161529
16244151
9512318
14178670
17593526
2065679
4266430
17218542
7778559
19374914
17082313
32099126
8043106
35867019
1813241
17382874
15033253
13770896
30254441
7297506
-7777556
9246011
34780112
33784036
31256866
-267112
30981939
29667524
39771636
25959733
24843027
34779291
34096202
44005671
-1988390
-98437
45358697
-1921673
31111369
7511478
20452249
24148265
-969012
3853389
12280801
43002466
44396006
39181055
4963917
23388993
18817457
10876270
38711516
32937677
21483130
37208021
27138071
15684023
15593252
7589554
1577750
-2979945
5246607
24178271
2482097
31480763
44054557
28974690
40495270
5963096
20861274
40353841
41476294
18868565
12456253
40332308
-7610985
-4376576
8914113
12268470
21096544
13375129
19421537
17203287
8384405
28107444
-3063957
12755759
44903150
20071194
-6151250
14181142
27271008
31629378
8976359
392006
31929450
522738
-2195568
41424862
22392860
13343667
311196
18623378
21243019
38527839
32512884
-5072744
5306396
2347977
9424867
32043120
43380491
2992516
2958626
1763313
61798703
38023929
37749068
19154182
6456424
4534608
14388494
20037361
12224663
-4376907
25813068
7060061
48651934
2887802
24431145
35421174
10363290
-1342936
13547626
10320805
-4645639
23310170
28399733
55170417
39867985
37929307
-11983783
8508645
-4875340
-6764878
36713971
35800056
42365573
-2359859
33511675
22218221
21078171
38237179
20412271
-12828754
17120416
11990162
35584855
18776294
20193329
9975056
4692534
-1628304
18237800
36813398
-1183140
32812985
23825492
41011365
18073472
-3443244
2252513
30742180
13419107
-7130883
55062755
-5211404
47877984
7404568
43455342
8525734
15392733
32668689
-616118
7859177
39882667
3498586
33575231
31535660
-13154665
21725949
28426812
-700579
30285416
37960792
30297030
1709777
35806299
-574743
20018532
5407716
39859910
10058208
15907325
-6160049
45798485
37164242
5599621
23877234
36847335
11865210
16062383
14085558
28775645
-8438938
47884362
18091913
35988644
50018521
5975927
37638786
-221923
17088422
33336593
5116684
31218354
-3962669
35485944
11536687
38861860
23599275
39988145
17012041
9738215
-10193060
-3393727
20433227
-2755795
42351517
24917697
-1578789
35654896
-3747593
30563110
14356495
32045328
16291010
13901516
25169297
-1173456
24496392
4845304
28473070
-3320829
28242418
17196684
-4567621
24242421
-11418788
11022744
34371052
17641909
33857008
-6029562
42071322
37214048
33231718
25341733
2509246
19397080
3407944
-10731051
14595410
11824072
22445473
36604922
42359106
22274308
9867956
7275469
16889128
27115173
30449624
41423771
19380388
38725517
9790432
34881327
11233566
5854548
28119545
40984718
28697897
14358855
36952453
33477820
6551727
14534584
-6405349
8474378
35526605
-3559879
18483688
19088466
13662455
16397184
-5718836
1369918
44270234
32682719
-4813000
27934973
38401905
14821974
25168143
38973062
29010913
8809452
2016122
26763210
22095204
16055202
34581289
40862044
20742376
35015654
21025816
13471869
29776348
9228699
1008278
32560816
51308382
7160929
-7293908
27105821
58884920
38712327
2149058
-3657201
29862794
36684550
15669669
38892178
34499196
44945495
12336666
17703338
15723817
25060417
36450901
27300109
25393026
-3531677
10020220
35563078
17401120
10778943
17412177
44778748
-4461784
36193303
20725089
-3447928
19279688
36761237
24644794
4366352
15574678
-5638630
1264566
1506131
-12800978
23164765
10801598
16978694
9598758
38094538
5362834
1352446
3963834
21289228
16630900
39445122
28399737
16256284
15677286
35560975
26784772
-2852791
12418963
-5254223
29202633
-5661518
-3719787
36527146
26980693
22193634
27534356
13996251
41245228
17121332
-2099307
15093759
19650849
18777468
10965903
22745377
37748708
41329472
30957702
31967307
28727070
34370855
21480851
12377332
24872685
41367718
-9394243
36928476
-5512761
34142015
39436088
29596302
3533076
33854484
18323940
22534901
7046668
33109560
1011367
10093945
19806451
28851026
-9353828
34760025
24843684
40088095
35673647
22990148
30331358
37513314
-2414463
155805
35695547
12934388
9437584
-10897689
9363531
35879893
36070508
9645783
24277643
-8803660
10917608
33516850
-1214376
-4663095
39020874
21289993
13321759
-6571061
20661955
29137190
15388589
32283726
28929416
17093943
34181512
20755933
-8344701
5740001
18585862
9922825
2384178
21975259
42023856
3565747
30511886
27983277
15088266
-1614475
29811489
3811477
32612007
27271174
2967678
17832575
29093231
-4829989
12568806
16156155
38189574
35053462
12196937
41984147
13028584
-9901465
36569961
33642418
3473962
28943954
-1790570
34414014
21555716
34385266
22179080
-3642814
31215839
33281654
-3776630
4848183
30997431
20741119
23889960
13170191
29683675
18014249
-4630495
16703966
21937236
25017416
19329612
588169
17292903
3726430
3531206
24206748
17377896
27124427
12775154
35101359
35472313
21763655
-3468117
-5771584
25904252
5187918
28392262
-4978124
911359
31618779
21874297
40814237
7615877
30508604
7086680
29373745
29715883
-2353702
24571983
829784
8814615
-3225627
25330914
39830221
20445848
20705265
19300346
33331483
35550259
9830269
28918396
11102753
10745825
-6910857
-10201072
-3184222
32291569
4520830
13020140
28181409
29383746
20706070
22726024
18793472
-10539501
40492974
8207164
-5967352
38671989
38081482
21779660
31073831
5563194
3668803
9708244
16842464
28069570
15885010
31595374
24050990
25640242
26488625
40100028
7320775
25433215
9525485
44602316
39000266
13694383
13514134
-362726
24366883
1498121
17009291
43958024
22680999
10208675
37458343
32831116
35633251
5618835
10206150
39523520
10074148
38647891
14760314
1094140
41605672
34941162
20687043
-9855981
45612411
13130331
25555412
15267365
26994111
7680538
40902856
-5119158
31785372
40206242
44313823
-580733
22688451
-4303883
-8281396
-8229869
10992289
3558487
29104888
12398554
-6329039
18381975
26178035
30705786
31159767
39604724
11316229
-1512037
30204388
1420242
-3782712
6839292
8843549
13944361
19440782
36494710
-2821384
-12045125
12987326
6982799
-9337613
15702500
11367443
10934266
27169725
45589847
3390087
16424774
21972736
33310548
-9008680
5936103
22874216
35688372
34345395
38768679
10259695
17930702
20082879
-5741709
-1643953
33173523
13377518
29438306
-7957311
35665146
33757463
14688285
37141560
32829041
22337873
10950357
12151897
5646412
31452583
36345224
27802981
29260378
1789836
32860720
42150063
26755359
21866641
-5749524
20004278
3954166
19964
31716329
39865597
2703738
-6158791
8037423
17167168
6267986
-7363896
29908633
5704830
2977091
29776156
12192862
40195057
34379714
-9878428
760996
15380498
42661439
8758554
34787897
4392276
21855589
13507661
-2262511
-5463587
37397063
36172822
17691724
4906645
41897676
11785534
16929945
19289680
-2207593
6053437
12996287
-5704546
-7470310
8746805
35814254
29155797
27774938
30462927
-1333654
34536934
18016492
11994549
25321912
9504267
7900487
23848339
15686725
40640899
11406860
31570332
7507438
25003208
16315391
34505205
5450098
5130264
25353079
16062590
8733550
7212863
39135492
32475190
-4866375
-6341083
12552616
14911689
11595611
17893721
30177031
10121332
24399230
32339645
14734858
37724874
34017258
367758
8766686
9543236
2636424
6961774
-657876
35624805
29269263
14255321
24562586
