23489649
-4093477
31683285
8994928
14857990
43027914
30982243
40821844
13823431
29950154
25493363
-9123880
24690710
30434293
4514316
17525938
-8779026
3565018
15762225
50658
39295991
31632337
1016132
8759905
24377190
-3510597
22475947
-6897579
28846773
21715835
-4057346
-7415483
-3368930
41789856
24840131
39212609
-2433675
35268611
34660533
5509589
3922646
19241916
23571801
28947295
7033716
-1266479
9250162
-7285000
14773243
3764576
-6526700
33898856
24857603
-900555
19381036
31776655
17040050
21788221
35215907
-7334493
48618927
21412304
-8898569
39471670
-8165858
1760128
39420806
39216410
10040974
11714306
8331274
8392728
42142987
31203686
7971839
7795145
2110144
15458276
8253474
3722024
-1810352
-6333775
8424037
19395969
19334932
630618
50652353
36747036
29595810
25294347
26884924
31305970
34268128
24187355
9465988
14629206
27348783
-5752137
27273709
29268725
19603883
13141179
21403541
37436980
9273527
11475207
41250607
33379522
38125515
10821883
33951273
34848388
14831875
29143654
39516254
31208662
-3409624
1987174
25299127
33388590
51320410
21454241
28744545
-7284905
35335092
23038598
16090377
1113286
4881483
290608
15613295
-2044825
31087532
9849869
31695324
38502980
31678625
19974262
-5796969
-1386065
21358867
22855710
26282488
37949440
29380585
12708191
7598441
39672953
16953755
29755531
-2970866
21170309
18988115
-2491215
-5551975
-2699495
9365411
24804940
3494427
5739873
12718923
29793709
37315819
41272253
9345856
34544498
28671751
10543614
8166464
19965380
13312267
36453718
1561330
36677720
-7939441
25829630
20259992
18651297
13802082
19502062
16180381
35414013
-4315448
36299957
17709263
16407094
23192149
21188831
17921480
27346840
35208674
-4080962
20566914
-13375981
4583334
35310114
19790101
17581509
20354105
6885465
10106140
86053
34687762
40134301
2703452
30703881
12334183
20656737
-2039031
15586908
35399217
20988454
6444536
10275636
-277310
19685189
17918744
38475719
23344403
1608471
9203922
-4121223
25830434
22679807
12191706
43732053
9699091
19900633
28153615
20663684
40143870
12760402
20750403
-8813729
18548500
11316873
28314549
12746064
19192470
28281168
20923808
-672680
25245408
-8101644
19014051
9302009
28808978
23317658
11939472
-7853870
35530677
-8130906
16329369
-3441722
-234707
32243501
11697273
25681676
38561736
6640860
26814109
2000939
4218937
-8102867
28982063
47640123
-2411100
25175821
33828994
27188000
5015666
-2990528
29014686
32299990
-8824130
13338026
-1804488
8257283
-1918526
31300648
-9544978
27862648
6287361
24382663
10036443
17724553
-2585397
19900657
-3387878
8869744
23654395
24782285
2766312
-8409026
3766761
28569704
12059088
31433231
12521857
5314563
8421620
54954191
40070851
8449676
-334362
747594
18011194
26248663
24608232
29465884
15697273
39027787
30950861
38830490
37357377
12394598
31323445
19301319
-2302607
37076493
33139758
10293682
1751691
66306075
5819911
35615496
30942779
20969248
44658736
23850085
13952061
19033864
47487008
34541089
-6929609
5733774
-2007160
39356416
-2099849
40872723
5399575
1959531
-2978720
-448711
-12176140
-3309827
1130401
15376430
18869489
-4511796
31108602
36789093
-2473318
42934313
3436268
4932860
42855657
12800555
10313989
33666703
25146693
-5344880
47642882
-10104993
-8566783
-5446136
25049877
20603178
-3209193
33713473
12363484
36089517
34041799
-4203464
5326931
4254907
26087516
37922085
12104296
7055631
12570686
437660
30757218
15118389
-1218200
-2128945
283278
17092727
8394782
22126520
41598016
28978620
-3091390
-5531411
38228662
27041382
-11521331
29351198
42320307
11073163
24635151
40473781
-4363192
26481707
25064148
13077254
11384778
-5664163
19034924
9460225
-7942784
-8342418
20091032
1543702
-4269663
15828856
-8485963
14657309
-8286773
-2153439
-5287214
29754213
19192291
-2401713
30977633
-4388783
28911994
9729090
23033293
12761059
11299591
26689260
14268296
35302256
-2886086
30252992
-7795684
28389049
-11520812
-7936864
5089590
437891
-7064838
25487093
52175943
-3273973
34646915
8464848
23779157
31601511
60151781
15281236
-4993841
38250630
-2553171
31827102
8057604
11657996
-3615152
21324052
10657884
11280366
5885012
35971443
15056551
9289215
-1264786
24071883
33759125
-637659
-5859594
42811024
2542195
3007597
20516140
26136863
-5872539
12487759
49127804
11976397
36729517
-3541584
6241899
3029467
4276177
3922658
8292945
-6640229
8964778
38109643
-1362402
19508788
4813909
6525372
8333517
23381036
26170745
-1169441
-1110433
28903207
20791114
1664110
29005993
-6783341
21094320
24042032
6022290
-2662178
4458080
7686103
11913685
19316810
26303883
36659257
17374961
38135739
37107080
37932461
23928986
-7403682
27463524
32759162
18771174
-9116907
16287345
9556533
14250397
17649442
2128427
4329200
17296204
7845205
19422331
17146936
32167838
8090435
35922915
1868593
17447449
15099855
13836507
30292658
7354471
-7710671
9292289
34835328
33859493
31310909
-213380
31050488
29732386
39836223
25992962
24928620
34844305
34154066
44068223
-1919121
-38719
45419751
-1852972
31181138
7588786
20517521
24256753
-896526
3931643
12343721
43066189
44454248
39246470
5037906
23462354
18887351
10940058
38770820
33000521
21543313
37281426
27192351
15726212
15637278
7657407
1634100
-2926995
5323354
24247820
2539706
31555383
44110760
29034133
40570509
6020084
20927514
40416589
41534586
18934968
12531534
40403586
-7534763
-4312179
8985290
12334108
21165202
13443165
19497176
17249375
8452659
28180622
-2994724
12830636
44959246
20155300
-6095815
14244015
27336996
31700262
9048219
447634
31986046
589100
-2126796
41485220
22464029
13410932
386784
18678321
21297410
38603441
32571038
-5009326
5360709
2399546
9500054
32083226
43469724
3056938
3029235
1817385
61838321
38088281
37797999
19203260
6490603
4607797
14433096
20076800
12279468
-4324440
25853623
7125998
48695176
2937632
24482533
35483773
10435493
-1295935
13595595
10381423
-4601328
23361377
28451978
55221651
39938558
37966317
-11925433
8565794
-4802645
-6699128
36765800
35882044
42441703
-2314501
33563570
22276660
21162237
38295041
20467193
-12770010
17170423
12048341
35619143
18846161
20258243
10016130
4771792
-1555920
18292777
36874870
-1105101
32898179
23885397
41080901
18146589
-3374956
2316144
30805673
13483550
-7072554
55122086
-5131802
47937893
7455714
43531362
8598188
15452260
32742674
-544524
7925615
39942132
3567069
33636666
31577875
-13094257
21786260
28496711
-633164
30362935
38007265
30356866
1770614
35845743
-534898
20071813
5462452
39922328
10112968
15965677
-6098494
45854924
37215698
5655443
23916681
36915877
11924392
16130597
14170948
28834975
-8353543
47949896
18156232
36042722
50060726
6029853
37685264
-160135
17170206
33386826
5195529
31275645
-3898602
35536765
11577710
38909473
23659132
40033226
17081672
9785488
-10127508
-3341377
20480496
-2701434
42394725
25005824
-1537431
35711840
-3689802
30632420
14407656
32098050
16345532
13977511
25224530
-1125968
24546743
4899410
28512832
-3244582
28310833
17264281
-4503518
24292279
-11363889
11077944
34432333
17722655
33917985
-5986138
42136266
37249460
33267882
25390947
2566139
19471763
3444804
-10693601
14633500
11879544
22504090
36663546
42439185
22334674
9917050
7352313
16937404
27153459
30525117
41503941
19459850
38767221
9838435
34934429
11292827
5907836
28190832
41050797
28759484
14422712
37024787
33532907
6597606
14587505
-6336659
8530112
35568234
-3492437
18539206
19141487
13725739
16435840
-5661508
1423000
44335317
32734686
-4742789
28001163
38473778
14889953
25242684
39051006
29074284
8880936
2085635
26822757
22179553
16134332
34638125
40933995
20805431
35087139
21106895
13534969
29837152
9309751
1073692
32646257
51378424
7231683
-7215150
27169389
58973238
38778196
2220151
-3597746
29923002
36791538
15729736
38952879
34568061
45004875
12402969
17776968
15789876
25138770
36521402
27368347
25440956
-3488255
10073468
35632061
17486857
10853534
17485373
44837522
-4404455
36262100
20803665
-3382366
19335449
36818214
24717670
4433695
15619697
-5595222
1305443
1558728
-12750121
23224860
10856081
17044098
9675177
38162187
5449487
1427909
4005884
21348395
16712188
39496056
28465156
16323754
15733712
35622796
26867606
-2785609
12474257
-5183841
29243547
-5610223
-3657963
36578344
27032682
22258046
27613307
14076585
41317834
17218533
-2053612
15144564
19752961
18831158
11023676
22790299
37810815
41417702
30999055
32004363
28781156
34439123
21543458
12462735
24919423
41406199
-9356492
36988579
-5431654
34212576
39489115
29647740
3585270
33909993
18397203
22582588
7108471
33162429
1060160
10153969
19872797
28900012
-9310937
34823451
24908004
40137791
35745203
23034745
30394148
37560250
-2365479
217055
35741803
12974405
9496248
-10822877
9439078
35929631
36126401
9689737
24346183
-8740496
10986320
33554086
-1167208
-4593746
39071970
21341685
13387329
-6509022
20738654
29202648
15450563
32324438
28982920
17182896
34252731
20814213
-8268370
5807308
18651851
9982322
2447729
22037187
42090059
3650798
30589690
28061585
15156413
-1543431
29881380
3885636
32665043
27327256
3020820
17902973
29153919
-4772126
12631723
16211470
38254735
35112384
12272487
42039879
13079768
-9839016
36652359
33701509
3526740
29018389
-1709357
34485746
21625701
34472519
22237799
-3588319
31285409
33349065
-3720645
4915185
31061027
20810813
23945938
13237940
29740752
18093872
-4560007
16755625
21976089
25077745
19372857
646481
17362477
3801614
3601465
24264132
17446141
27193741
12850555
35150936
35548606
21819884
-3411951
-5711179
25982653
5244292
28460048
-4924127
993096
31701576
21951331
40872788
7691852
30583924
7143518
29472269
29779724
-2274408
24644456
890229
8880242
-3171229
25388215
39876393
20488279
20769354
19355649
33371670
35591884
9875594
28966513
11145072
10792534
-6844262
-10153888
-3124456
32358412
4576481
13071695
28245075
29428272
20740794
22797121
18849802
-10500468
40557869
8283600
-5900654
38705939
38120585
21833202
31123096
5628502
3721274
9763819
16881420
28116394
15931682
31657305
24118663
25704965
26524459
40163132
7388818
25498240
9582033
44659804
39061053
13750858
13601181
-298481
24436528
1562198
17072906
44028277
22759126
10276442
37525383
32881585
35706663
5688462
10252453
39583960
10145611
38722063
14849513
1167225
41679486
35027373
20774273
-9780843
45673942
13191504
25611913
15342340
27059015
7769080
40972255
-5039342
31843158
40262520
44371776
-508325
22747403
-4223014
-8215799
-8160537
11052512
3618042
29152475
12480333
-6264229
18444263
26256655
30775193
31227719
39673642
11385452
-1437378
30266659
1486563
-3731677
6891968
8922322
14019389
19493923
36567082
-2759861
-11982811
13021667
7052514
-9276731
15752782
11424368
11005565
27240361
45641927
3424677
16490005
22034760
33386650
-8952285
5995890
22939196
35760929
34402876
38831501
10318576
17986559
20168408
-5670710
-1584068
33229368
13438302
29512482
-7875556
35729805
33830825
14731056
37196503
32906740
22395174
11015838
12207509
5702186
31515926
36428415
27872347
29322792
1830170
32923072
42187854
26821888
21906495
-5656905
20050507
3993911
74983
31762864
39916747
2770217
-6110521
8102234
17204293
6333281
-7248956
29961163
5751561
3062362
29864303
12294265
40273382
34554183
-9812364
855340
15489575
42739527
8864748
34892975
4472995
21946206
13608353
-2144621
-5364136
37503391
36280599
17754906
5000773
42006770
11893926
17019150
19390015
-2116595
6158868
13102713
-5606423
-7428019
8838917
35930865
29276474
27867430
30539345
-1259364
34578706
18116410
12087705
25392263
9552824
7972970
23957392
15784100
40705835
11484961
31633324
7558774
25065137
16352390
34569183
5512083
5199131
25405937
16127668
8777056
7248211
39186243
32545582
-4805111
-6277410
12629234
14960705
11641588
17956420
30246588
10176850
24472067
32392082
14830261
37766911
34059521
418480
8832861
9606374
2694369
7014414
-600370
35679186
29320499
14305826
24599915
